100
39 0 38 96
28 3 5 2
60 6 15 36
5 11 13 86
95 14 22 90
72 17 2 50
55 20 6 62
36 22 23 19
35 24 35 23
43 28 6 54
49 29 15 42
56 32 39 17
75 37 15 53
2 39 14 79
44 44 29 7
61 49 2 93
93 51 18 30
27 56 22 39
26 58 23 16
8 61 3 24
47 64 24 25
59 68 7 71
38 70 38 99
69 73 13 80
11 79 14 68
94 84 20 67
74 86 18 31
99 89 22 56
86 95 23 60
58 96 19 59
63 97 17 28
90 99 3 22
85 102 1 88
20 104 13 64
65 108 8 43
16 110 30 69
15 115 20 77
98 117 3 52
84 120 5 35
25 121 7 18
41 123 5 33
80 127 6 76
12 129 21 82
87 132 7 58
67 136 9 11
76 139 18 8
64 140 49 37
81 143 15 100
48 145 18 81
71 148 10 45
7 151 4 14
57 156 16 27
33 160 10 84
21 165 3 66
9 167 27 57
91 169 17 38
37 172 29 10
51 175 17 34
82 177 10 74
50 180 27 44
89 183 10 26
66 186 3 20
88 188 7 1
17 195 11 12
73 199 3 32
52 201 31 4
70 202 7 40
77 204 28 98
4 207 4 49
10 212 5 51
34 215 6 97
3 216 45 75
83 223 22 29
40 229 28 61
1 230 14 47
54 231 17 48
31 234 12 92
78 240 19 89
13 242 5 83
32 246 15 6
97 248 11 63
96 252 5 85
22 253 68 78
79 257 3 95
53 260 21 65
92 268 16 73
46 270 5 72
68 273 13 3
23 274 28 5
19 278 5 15
30 279 16 94
14 281 10 91
24 283 35 55
6 285 19 46
62 286 6 41
18 288 3 21
45 290 25 13
29 293 4 9
42 295 27 70
100 299 3 87
