1000
397 0 23 230
363 6 43 802
741 10 25 911
286 13 15 339
437 22 13 438
25 27 13 930
864 30 34 635
503 33 21 35
884 35 16 998
547 39 3 816
41 41 9 866
457 44 12 834
400 45 25 238
30 50 16 705
8 60 8 506
743 62 3 196
318 68 36 249
327 77 9 613
530 82 21 64
144 83 3 828
438 90 1 760
847 96 4 882
250 98 30 862
529 99 40 159
171 105 4 775
425 113 7 113
116 117 25 419
366 122 22 140
260 124 18 390
58 132 6 350
155 133 7 934
918 134 4 600
43 138 11 671
486 140 2 743
897 143 44 259
629 145 31 723
201 149 45 358
553 155 21 143
574 156 3 351
471 164 5 51
133 170 5 288
709 174 19 563
982 180 7 76
785 182 7 67
895 186 17 623
323 191 21 747
521 195 11 374
356 198 28 633
85 199 7 746
401 203 12 997
473 211 18 819
789 216 13 83
49 222 14 146
636 224 2 284
66 226 33 986
404 231 30 917
784 236 5 15
610 238 16 867
372 241 24 964
700 242 4 850
376 245 24 219
139 249 23 96
590 251 10 762
182 253 34 200
47 262 15 809
736 267 42 342
63 274 41 279
245 276 3 289
615 279 29 554
443 284 8 989
714 286 5 860
262 293 35 485
797 299 8 556
203 305 4 197
524 312 15 833
344 317 15 287
104 322 30 939
316 325 4 346
213 330 35 796
385 337 5 669
798 340 29 851
272 342 11 551
135 343 37 573
239 348 37 758
695 352 12 674
326 359 3 102
32 363 2 421
241 364 5 186
123 368 6 376
109 371 21 386
996 373 24 408
154 376 3 241
748 377 21 195
943 382 13 856
264 386 3 106
912 391 10 60
705 393 19 610
968 394 11 77
605 396 34 615
433 399 26 614
752 405 8 455
890 408 11 618
472 413 1 70
751 414 21 773
175 415 15 453
638 416 19 40
402 417 10 295
584 422 21 979
499 426 22 406
753 428 29 513
21 430 13 383
352 432 25 84
491 435 40 823
653 436 2 572
141 438 54 728
112 439 25 810
728 444 14 329
738 447 22 258
888 450 19 422
259 454 10 480
833 458 18 561
674 461 7 303
694 469 5 484
263 470 4 807
493 471 6 278
723 477 10 468
767 481 23 542
641 484 3 85
120 486 8 309
195 489 4 174
843 493 14 602
774 495 12 214
65 504 4 973
561 505 8 875
851 506 15 103
766 508 5 492
788 510 14 603
678 511 9 436
702 512 10 932
313 514 11 777
934 517 15 497
575 518 47 861
975 522 24 437
487 525 14 609
500 531 25 371
510 535 42 385
589 537 2 886
391 542 23 150
656 545 59 176
630 550 15 293
474 552 4 853
955 556 61 328
660 559 22 246
244 562 12 317
773 569 20 268
823 572 12 286
312 579 4 640
742 581 6 645
863 588 15 472
936 591 55 982
39 598 3 87
904 599 19 519
477 600 12 701
646 603 12 119
899 606 13 341
867 608 44 656
177 617 1 128
16 621 3 898
449 622 18 944
541 624 12 305
304 626 16 425
292 630 3 167
495 632 17 432
602 635 3 591
778 636 12 335
663 643 32 486
105 645 4 391
543 653 54 638
184 656 23 536
857 658 30 541
172 661 24 498
645 663 20 887
651 664 9 938
147 667 1 420
931 669 16 730
516 671 31 918
894 673 5 263
126 676 3 737
248 678 17 388
544 683 4 940
252 686 7 579
227 689 9 27
755 693 29 199
619 696 24 316
628 701 12 423
15 705 29 803
340 709 26 226
414 713 54 330
45 716 20 397
91 720 27 647
761 721 4 799
498 722 9 251
223 725 28 356
581 729 20 322
983 738 40 657
346 742 14 962
532 743 23 464
821 745 9 394
266 750 51 562
577 756 24 515
525 757 19 24
650 760 25 304
342 761 15 544
121 765 8 764
701 766 28 290
987 767 23 836
440 775 22 491
48 778 11 651
158 785 2 801
187 787 14 431
735 788 25 849
792 790 8 255
893 796 20 494
387 802 29 879
770 805 40 776
319 808 14 333
265 814 28 378
482 819 27 155
726 822 15 38
667 828 18 736
960 830 9 206
956 833 10 202
347 835 6 239
285 838 56 165
861 844 41 405
412 847 11 369
130 849 25 642
978 856 10 685
592 862 22 495
70 864 13 870
787 867 15 724
317 873 25 750
976 877 3 109
118 881 10 504
722 888 4 827
505 892 21 243
671 897 1 585
178 898 16 126
783 903 23 505
824 906 20 840
685 912 1 315
354 913 26 897
846 917 28 68
320 921 17 908
842 927 3 659
941 934 23 779
306 936 40 331
4 944 40 228
852 949 1 269
415 953 15 236
938 955 21 733
37 959 8 741
1000 960 3 852
24 967 33 478
236 968 25 829
455 971 4 1
600 976 13 41
733 978 1 896
708 980 9 136
844 982 17 451
989 986 24 36
101 988 18 475
837 990 3 931
256 995 15 34
96 997 27 863
569 1000 3 496
818 1002 14 74
759 1006 7 616
568 1009 6 399
40 1010 15 680
202 1015 17 628
866 1016 4 587
514 1018 32 148
859 1020 2 292
794 1021 6 595
90 1022 6 245
836 1023 12 646
247 1033 24 517
485 1037 23 92
224 1043 12 763
26 1049 28 516
349 1051 15 565
909 1053 24 510
337 1059 1 261
686 1063 32 548
877 1065 4 717
281 1066 14 922
601 1068 12 969
874 1069 2 778
450 1074 12 890
665 1076 16 63
731 1082 10 757
567 1084 15 699
446 1088 2 247
512 1090 6 121
565 1092 7 625
17 1094 2 874
359 1096 17 713
166 1098 7 188
107 1103 43 474
7 1107 13 586
642 1110 23 984
765 1113 9 108
509 1119 12 471
113 1123 22 824
2 1124 31 694
481 1126 14 568
242 1128 8 597
571 1133 14 201
880 1137 2 605
351 1139 11 380
812 1141 24 783
305 1148 4 958
914 1151 26 948
57 1153 47 55
620 1157 6 1000
409 1158 12 12
920 1159 13 203
993 1161 18 215
221 1163 10 171
872 1166 35 697
186 1170 6 658
758 1174 5 744
796 1180 6 232
673 1181 24 72
277 1183 25 660
360 1189 4 884
421 1191 41 442
713 1202 19 800
431 1204 36 407
497 1207 30 306
106 1215 9 311
156 1216 19 550
634 1218 28 22
795 1219 14 770
826 1223 14 953
805 1228 2 707
207 1231 20 768
284 1232 6 854
518 1236 15 375
845 1241 34 593
988 1243 6 307
235 1248 37 526
176 1257 25 276
95 1260 5 340
697 1264 6 880
6 1266 20 941
303 1271 29 499
517 1275 29 844
508 1277 2 7
406 1281 12 755
746 1284 4 719
572 1291 16 465
194 1293 9 975
862 1295 7 323
422 1299 3 435
386 1301 2 711
274 1303 22 14
408 1306 18 797
444 1310 25 220
458 1312 24 409
328 1319 13 224
997 1320 7 8
898 1324 26 256
917 1329 16 818
322 1332 2 116
557 1333 9 761
839 1338 14 961
441 1343 15 727
717 1348 43 963
657 1355 5 162
413 1360 33 291
240 1362 32 160
800 1363 26 580
14 1369 26 792
445 1372 12 691
640 1373 20 252
465 1377 13 977
522 1382 16 207
348 1386 33 654
69 1390 10 184
683 1391 3 3
64 1392 8 578
990 1395 1 665
358 1396 11 373
511 1399 13 892
730 1401 44 62
174 1407 10 839
879 1411 24 415
61 1413 11 348
964 1414 3 299
825 1415 46 177
268 1417 35 169
205 1419 11 153
77 1423 28 624
42 1426 6 244
925 1428 12 946
531 1431 10 229
365 1435 30 300
164 1441 19 217
881 1444 12 417
124 1446 6 532
393 1449 13 889
984 1453 14 894
375 1455 48 784
865 1457 19 142
860 1459 34 111
300 1462 43 626
606 1466 7 79
329 1475 27 360
131 1483 34 788
136 1485 28 313
822 1486 29 344
330 1491 20 831
703 1492 12 725
801 1494 51 384
490 1498 24 23
212 1499 23 965
108 1502 26 709
11 1508 35 954
576 1509 8 926
1 1512 27 689
405 1517 30 845
261 1521 38 935
756 1524 12 366
750 1529 5 370
462 1530 11 50
253 1531 33 735
417 1534 18 493
198 1537 38 298
119 1542 12 772
958 1545 29 885
429 1547 31 545
682 1550 16 414
719 1556 13 413
163 1558 40 693
841 1562 31 18
582 1568 61 804
368 1570 56 321
165 1573 7 5
611 1577 9 483
442 1582 6 678
585 1584 10 789
246 1588 19 891
167 1598 9 198
380 1601 35 367
560 1604 18 443
966 1606 31 352
689 1610 20 9
848 1613 22 337
623 1619 32 123
434 1621 5 872
828 1625 2 209
954 1627 11 267
243 1629 4 907
466 1632 47 183
371 1634 2 13
873 1637 4 191
932 1639 7 152
520 1642 30 424
439 1644 9 253
940 1648 12 981
461 1651 12 858
169 1652 13 806
331 1659 21 459
129 1661 16 692
332 1665 12 277
838 1670 13 668
710 1672 10 957
595 1677 2 686
362 1680 17 42
969 1687 9 785
60 1689 8 488
769 1691 39 395
878 1693 10 21
448 1696 7 48
232 1700 16 538
840 1704 54 6
913 1708 5 211
152 1713 17 914
142 1718 6 266
157 1722 31 976
668 1726 17 967
82 1727 14 489
586 1734 9 704
558 1738 16 512
551 1740 2 368
799 1745 25 813
496 1747 2 387
937 1749 7 460
901 1751 26 753
170 1755 10 467
624 1756 10 361
922 1761 22 537
817 1765 24 906
830 1767 14 426
398 1769 55 817
907 1771 26 571
231 1775 18 534
355 1780 7 372
979 1783 10 983
900 1784 11 88
654 1788 28 302
384 1793 3 117
335 1797 18 841
928 1804 21 752
871 1806 8 37
83 1807 41 567
249 1811 18 859
681 1817 7 396
926 1819 27 683
609 1826 26 213
720 1828 6 927
933 1829 13 94
489 1831 30 649
484 1833 17 156
537 1840 9 127
734 1844 12 280
19 1847 6 461
829 1849 2 25
255 1853 16 666
858 1856 15 231
559 1859 7 769
546 1861 12 345
552 1863 29 403
419 1867 6 355
911 1872 13 178
334 1876 44 93
942 1880 8 949
538 1881 7 308
947 1882 27 937
739 1884 10 179
479 1888 11 204
428 1893 16 528
915 1894 14 134
523 1899 29 264
333 1902 53 272
343 1903 35 793
977 1905 28 187
338 1909 14 980
950 1913 38 594
159 1917 9 80
992 1918 47 869
341 1920 17 463
662 1922 15 677
952 1926 12 748
593 1932 8 221
476 1938 7 559
110 1940 21 787
721 1941 41 47
687 1946 21 130
944 1948 9 540
764 1951 32 619
23 1954 20 629
5 1961 2 336
36 1965 3 412
903 1967 24 664
339 1970 14 54
763 1974 5 379
699 1977 26 888
494 1979 15 791
206 1982 12 141
411 1985 30 235
556 1991 24 347
927 1997 19 194
711 1999 19 503
891 2000 9 731
519 2005 30 265
868 2006 14 56
233 2007 19 32
808 2012 21 910
220 2015 22 582
533 2022 13 663
237 2027 17 17
125 2028 16 883
369 2031 18 334
459 2033 18 151
128 2035 18 929
621 2042 9 283
603 2046 15 458
885 2048 50 533
430 2051 19 915
209 2053 32 873
403 2054 23 959
959 2062 35 710
134 2067 16 899
986 2072 48 535
591 2073 5 377
267 2074 3 91
995 2076 15 349
724 2086 19 904
394 2089 18 447
957 2090 36 756
296 2093 29 411
725 2098 11 835
780 2099 5 900
88 2103 23 814
229 2107 11 402
454 2109 4 190
291 2114 7 987
282 2117 28 662
973 2118 14 250
22 2124 4 751
370 2128 8 583
103 2129 37 31
452 2132 18 466
834 2139 23 248
754 2143 8 294
802 2150 3 45
670 2156 12 457
939 2158 22 988
80 2161 21 781
302 2163 46 357
357 2167 28 644
740 2173 21 273
436 2175 51 652
688 2179 9 233
288 2183 12 444
280 2191 19 312
527 2193 7 994
607 2196 3 672
492 2198 3 749
972 2202 24 604
666 2205 31 912
33 2208 26 158
469 2210 30 543
389 2213 12 112
804 2216 19 43
367 2219 25 759
887 2221 11 607
179 2224 10 688
579 2229 7 124
974 2233 20 974
467 2239 20 547
777 2245 21 951
633 2250 2 868
652 2256 4 100
965 2260 4 281
383 2263 10 574
994 2270 21 745
314 2271 14 445
324 2278 2 826
295 2282 37 427
92 2285 13 598
562 2289 3 122
672 2292 10 418
762 2296 13 936
635 2301 8 274
463 2305 16 855
675 2308 6 805
418 2312 9 175
850 2314 22 125
596 2319 2 401
776 2324 3 812
78 2326 24 643
782 2327 17 20
981 2329 16 260
803 2331 18 966
813 2335 27 462
453 2337 6 564
906 2339 9 943
680 2340 3 524
921 2342 29 738
539 2345 12 354
111 2351 20 754
210 2353 47 766
9 2356 15 972
775 2363 38 970
747 2367 10 89
948 2369 9 947
563 2372 15 933
573 2374 42 310
963 2377 2 575
217 2380 27 65
410 2382 7 637
594 2386 2 838
197 2391 38 508
160 2393 25 881
772 2397 11 916
875 2399 32 820
149 2402 7 75
655 2406 10 767
815 2410 12 553
396 2416 22 822
679 2417 27 240
102 2421 30 968
664 2425 38 242
819 2428 12 10
970 2430 40 636
587 2437 17 631
215 2438 6 596
807 2443 25 359
127 2446 15 712
407 2450 27 765
67 2455 13 147
51 2462 33 270
542 2468 41 520
81 2470 42 389
218 2475 24 101
483 2476 16 552
72 2477 12 487
962 2481 21 332
745 2483 4 216
889 2486 6 11
599 2488 10 780
151 2491 12 193
294 2493 50 81
786 2499 26 673
191 2502 17 955
373 2507 14 223
631 2509 7 502
693 2512 62 296
870 2516 10 612
869 2523 4 848
98 2525 45 996
502 2529 35 555
299 2535 31 285
617 2538 23 181
364 2543 10 114
269 2545 12 895
712 2549 12 164
854 2552 27 522
946 2555 28 324
140 2557 25 546
930 2561 13 381
390 2563 25 163
87 2566 21 566
583 2569 6 830
59 2572 5 53
31 2575 25 363
254 2577 16 145
929 2583 51 837
468 2584 14 107
661 2586 13 222
919 2587 41 429
374 2592 9 314
97 2594 18 365
806 2597 46 909
238 2604 14 992
423 2607 15 864
793 2609 47 740
924 2612 3 798
290 2617 24 28
535 2618 7 170
564 2619 16 843
554 2626 14 549
271 2631 10 33
350 2633 57 180
50 2637 12 960
732 2640 10 945
744 2642 19 509
618 2645 17 716
89 2652 11 667
669 2660 25 404
555 2662 2 821
578 2664 17 706
435 2666 16 525
626 2669 34 2
570 2671 19 985
464 2676 38 382
228 2681 17 795
608 2686 1 118
718 2688 14 675
616 2690 14 920
257 2694 12 653
226 2696 20 61
132 2698 5 523
648 2705 4 842
545 2709 2 679
526 2710 4 133
835 2712 4 511
122 2717 8 254
632 2723 36 720
432 2727 22 477
604 2730 14 49
84 2732 3 903
644 2735 4 86
771 2737 14 808
336 2740 31 531
612 2742 45 592
935 2744 7 521
470 2747 9 630
146 2751 28 46
488 2754 8 439
38 2758 4 589
886 2761 46 104
289 2765 30 732
276 2769 40 507
315 2771 2 721
853 2774 18 924
649 2777 10 353
298 2780 22 482
275 2783 14 440
395 2785 17 570
56 2787 19 469
980 2790 6 393
566 2795 21 168
94 2797 5 925
832 2799 27 999
34 2801 4 815
54 2804 6 599
196 2809 35 44
353 2813 47 655
427 2817 15 29
597 2819 9 470
658 2825 5 110
528 2829 7 58
790 2831 14 282
757 2834 17 66
831 2836 32 131
504 2839 28 105
189 2841 18 539
325 2843 5 990
692 2845 9 560
760 2851 21 726
145 2856 38 708
513 2858 58 392
27 2860 18 715
908 2867 20 690
779 2868 29 173
749 2872 18 529
534 2874 35 481
79 2878 32 473
855 2880 11 923
204 2881 15 501
896 2883 52 78
379 2886 11 634
737 2890 16 326
20 2894 24 476
279 2898 42 991
716 2901 12 617
451 2904 16 774
35 2906 14 825
251 2907 22 59
480 2912 3 428
225 2917 16 639
153 2919 45 454
161 2923 6 695
475 2924 21 811
696 2930 20 718
507 2932 23 135
580 2936 14 161
791 2939 9 739
677 2940 4 518
216 2942 11 514
684 2946 3 919
138 2951 12 703
768 2956 10 301
293 2960 13 192
416 2963 22 73
892 2965 48 154
614 2968 14 338
426 2972 24 696
18 2976 19 581
515 2978 21 4
945 2982 16 857
382 2988 3 558
44 2994 58 905
598 2996 1 952
99 2999 21 297
727 3000 5 227
923 3004 30 172
953 3006 16 557
12 3008 12 893
62 3010 1 871
811 3012 25 684
388 3015 4 847
46 3018 5 456
345 3023 6 416
949 3027 25 479
117 3031 9 434
211 3035 14 237
424 3041 11 95
690 3043 8 325
902 3047 19 632
193 3051 35 343
637 3055 4 120
273 3059 10 57
143 3065 13 622
540 3070 28 225
214 3072 24 98
550 3078 22 129
456 3079 16 257
501 3080 7 687
297 3083 1 182
311 3087 21 30
549 3089 12 527
378 3094 1 786
704 3098 36 362
882 3101 16 641
991 3102 45 39
192 3104 6 928
910 3108 15 398
729 3110 23 627
809 3112 21 441
381 3117 20 971
10 3118 42 729
115 3120 13 608
506 3124 18 139
150 3130 44 588
715 3138 12 490
308 3145 15 569
647 3148 16 620
28 3153 24 320
219 3154 7 433
73 3160 2 166
162 3164 5 218
173 3169 22 676
643 3177 11 144
86 3180 11 901
183 3184 20 448
849 3186 7 876
814 3187 21 449
698 3190 2 942
71 3195 24 700
905 3197 16 648
53 3203 13 234
287 3204 39 670
659 3206 30 993
951 3209 29 921
321 3211 9 865
148 3216 14 99
68 3218 22 611
985 3222 26 771
447 3229 7 137
52 3235 18 185
100 3237 16 189
181 3243 7 452
999 3249 8 157
190 3250 15 714
876 3253 11 69
460 3255 10 832
93 3257 6 400
827 3264 4 790
536 3265 9 650
706 3270 2 275
588 3273 20 702
361 3276 35 698
781 3280 28 913
961 3284 12 26
707 3287 29 530
856 3294 22 877
75 3298 26 71
420 3302 4 902
478 3305 10 978
998 3313 30 584
307 3322 33 82
971 3324 8 364
188 3329 6 577
639 3331 20 601
199 3335 4 149
676 3337 4 205
74 3338 10 19
13 3340 14 327
377 3344 17 319
392 3348 13 782
278 3351 18 132
200 3354 9 446
310 3360 36 590
883 3364 40 606
691 3368 13 410
258 3370 33 621
548 3373 32 576
916 3375 19 16
810 3378 15 97
270 3382 5 430
230 3392 5 210
168 3393 10 742
208 3396 14 734
625 3402 13 682
3 3404 35 661
180 3408 42 794
622 3409 5 846
234 3417 9 500
627 3421 19 52
114 3425 6 212
137 3429 20 878
399 3432 27 138
309 3436 33 90
283 3439 7 208
967 3442 3 318
613 3447 9 681
185 3449 10 956
222 3453 29 995
820 3456 38 271
29 3458 31 950
76 3461 17 262
301 3464 17 115
816 3469 4 450
55 3471 8 722
