500
434 0 19 304
2 4 31 204
357 7 28 108
316 9 12 433
223 10 20 253
198 14 7 58
118 18 31 366
445 20 14 440
27 22 1 305
263 30 6 242
216 37 3 207
37 43 24 288
403 44 17 54
232 48 14 281
11 52 3 133
249 56 24 423
327 58 16 146
102 62 53 419
348 64 10 259
264 66 7 212
481 67 9 409
497 71 23 76
299 73 12 378
291 74 20 143
68 79 14 261
45 82 2 84
333 84 4 45
159 88 5 184
306 90 31 399
163 95 24 413
55 102 1 495
46 105 1 189
313 109 7 29
380 112 4 476
117 114 21 101
300 118 28 441
298 120 8 165
402 123 13 332
335 125 5 493
339 133 43 368
104 137 3 231
226 139 40 127
71 142 10 11
134 144 42 275
479 147 23 284
276 149 27 124
88 152 10 430
424 158 4 224
338 159 23 292
176 165 2 361
310 173 5 202
363 175 13 49
394 177 8 488
278 181 10 119
96 183 15 300
446 185 3 192
13 189 9 463
76 192 18 115
309 193 5 427
498 195 3 1
179 198 14 157
33 205 13 187
53 207 15 373
332 210 6 289
315 212 35 14
323 215 2 294
293 218 4 81
274 219 2 315
383 225 22 51
64 228 7 42
144 230 11 263
379 235 20 320
83 236 32 234
107 237 4 309
421 239 28 454
241 243 48 151
404 246 27 219
382 252 20 277
364 256 3 92
92 262 37 105
488 263 1 23
376 266 11 255
490 267 13 158
448 271 9 393
405 273 36 333
126 275 14 107
439 277 2 311
129 280 27 367
473 284 14 168
463 285 8 359
10 287 25 175
431 288 17 241
145 295 5 21
391 298 5 379
461 299 15 176
420 305 4 354
355 306 13 466
131 308 28 214
30 310 5 96
484 312 5 135
253 316 13 72
337 321 8 172
161 325 7 324
78 328 7 351
227 331 13 415
322 334 10 331
418 337 15 287
178 340 17 243
438 344 14 340
287 352 33 484
196 355 6 225
141 357 7 159
40 359 22 246
425 362 20 265
157 373 14 77
393 379 29 271
211 385 31 272
162 388 14 169
183 390 19 421
35 395 73 388
362 402 31 326
344 408 14 152
451 413 2 83
433 418 27 437
165 421 29 417
353 426 26 444
89 431 9 385
243 435 25 485
146 437 17 404
410 445 9 149
158 447 22 316
242 449 37 43
369 450 43 357
166 460 24 20
169 464 3 483
233 470 29 306
91 471 22 181
469 477 17 439
396 480 4 462
343 488 37 5
195 494 11 337
74 498 8 196
282 501 5 37
390 503 20 28
340 506 20 260
457 513 7 285
244 514 36 166
440 518 13 266
251 521 41 468
361 526 18 416
389 530 10 381
277 533 32 412
138 538 1 362
128 541 11 173
475 542 5 477
192 546 15 235
468 550 23 310
19 552 22 245
422 555 25 182
342 556 3 52
289 559 9 345
110 560 2 203
63 566 7 79
180 574 11 9
236 580 5 122
444 582 15 464
94 585 49 163
356 586 6 395
137 589 17 44
286 591 7 451
499 595 13 330
349 597 21 185
222 601 11 473
482 604 44 12
147 606 7 57
371 610 41 290
395 612 28 174
44 614 17 60
206 617 18 470
205 620 10 262
203 628 2 353
283 633 19 460
470 636 5 264
28 641 10 4
255 643 9 226
177 648 6 121
331 652 19 438
124 660 8 403
345 662 27 198
303 665 10 312
149 668 38 7
296 671 13 141
426 673 13 431
103 676 4 126
152 681 28 303
123 684 24 229
193 686 23 442
231 690 25 137
489 692 51 376
423 694 6 223
386 698 13 364
224 699 31 422
429 703 36 499
190 706 11 237
460 710 29 193
156 712 30 308
115 718 7 24
90 722 39 100
237 723 2 251
98 727 20 489
471 730 23 94
347 732 21 16
252 734 17 89
271 736 19 346
266 739 11 53
384 744 19 355
452 747 12 402
359 753 9 401
214 755 4 209
430 760 27 71
414 762 7 382
201 765 5 319
279 767 1 374
61 768 23 360
170 771 47 471
75 776 17 496
106 780 16 370
407 784 22 63
269 786 29 254
212 788 18 104
202 793 6 365
221 802 4 228
80 804 32 27
378 806 34 420
250 810 2 435
86 813 9 36
400 816 2 407
3 819 23 321
143 821 17 425
39 826 25 19
358 829 25 256
182 831 5 252
319 837 4 39
290 840 19 230
324 845 7 232
443 848 8 494
248 849 15 336
200 850 14 276
113 851 8 389
388 853 6 478
20 855 16 134
492 858 4 205
477 864 17 293
17 867 56 247
351 874 32 208
406 880 27 13
398 883 10 56
204 885 16 329
49 887 22 147
483 889 32 448
491 890 15 34
111 895 6 405
172 903 11 343
84 905 9 432
208 906 10 372
85 911 12 30
54 913 43 486
225 915 12 299
186 918 36 465
486 923 15 475
336 926 27 160
139 927 3 383
79 932 10 67
456 933 4 342
247 935 2 179
352 943 16 467
189 945 13 35
217 948 24 296
462 953 10 497
294 958 9 258
258 963 3 452
467 966 13 244
288 972 3 113
270 973 10 410
494 977 9 31
101 979 23 344
16 983 2 443
218 989 3 90
36 992 11 350
235 997 18 194
500 998 1 64
48 1002 11 162
82 1005 57 22
392 1016 23 445
14 1017 44 167
50 1020 5 85
459 1025 5 414
26 1027 12 215
95 1029 17 41
381 1031 27 216
259 1033 29 396
150 1035 26 322
329 1039 11 114
140 1043 12 297
268 1046 13 2
273 1050 3 400
38 1054 25 33
121 1065 28 458
267 1067 8 248
119 1071 32 102
171 1072 1 240
22 1073 20 136
409 1074 19 250
341 1077 21 487
142 1080 11 55
213 1082 10 180
238 1083 8 338
311 1088 25 459
458 1091 7 386
480 1096 37 295
87 1099 42 394
4 1103 11 418
397 1106 3 132
155 1111 17 195
485 1113 6 334
375 1115 6 138
215 1119 19 481
401 1122 23 18
416 1123 3 25
284 1126 20 371
441 1131 5 40
209 1134 33 449
297 1136 1 283
151 1140 3 491
317 1143 3 447
81 1147 28 474
99 1152 2 191
191 1154 8 369
59 1156 60 280
228 1162 34 3
234 1165 7 91
312 1171 5 238
413 1176 5 313
450 1177 2 358
9 1179 24 274
326 1181 3 479
280 1185 16 8
67 1188 25 178
256 1190 9 352
32 1192 14 129
109 1199 13 301
257 1201 15 164
307 1203 26 59
43 1205 14 142
47 1206 5 116
136 1210 13 291
210 1215 9 50
370 1219 3 155
465 1221 19 26
60 1224 20 380
449 1230 19 318
285 1234 5 387
18 1236 1 211
108 1237 35 363
168 1239 23 46
154 1242 12 112
240 1245 39 111
93 1249 36 145
275 1251 48 314
304 1253 4 220
175 1258 28 456
167 1262 12 197
254 1265 2 200
246 1269 25 397
125 1274 46 267
184 1275 41 140
112 1276 4 125
130 1279 17 323
496 1282 3 188
116 1290 35 335
133 1292 3 450
15 1294 34 428
372 1296 5 69
427 1298 17 453
454 1300 30 213
260 1302 41 286
408 1306 17 482
62 1308 30 233
148 1312 2 384
455 1313 17 239
295 1317 37 199
160 1321 6 177
487 1323 3 154
164 1324 3 492
105 1328 13 392
5 1330 50 341
374 1332 4 118
437 1335 30 268
453 1338 2 426
52 1343 4 47
132 1349 8 356
194 1354 14 95
42 1361 20 298
51 1364 23 144
366 1365 13 249
302 1368 4 32
199 1369 14 10
330 1374 9 257
495 1375 15 62
321 1377 33 302
308 1384 5 325
69 1390 4 99
373 1392 14 117
207 1395 32 210
239 1396 8 87
474 1398 20 130
230 1402 6 38
272 1406 8 500
493 1408 7 78
7 1413 6 153
417 1417 32 377
432 1421 9 339
305 1422 10 472
350 1427 40 139
301 1429 26 217
318 1430 13 156
120 1437 11 183
65 1439 36 75
368 1445 7 498
31 1449 7 218
21 1451 13 98
56 1457 33 398
447 1458 25 93
367 1459 5 221
29 1464 4 109
197 1465 17 348
320 1466 5 411
57 1467 17 278
334 1470 8 270
114 1472 3 161
73 1474 17 171
411 1475 3 279
245 1481 21 461
58 1485 4 390
174 1488 5 106
464 1490 29 73
428 1492 8 80
387 1494 5 6
419 1500 13 170
476 1504 3 446
412 1506 24 347
70 1509 41 86
377 1512 16 327
354 1514 2 457
188 1521 42 120
72 1524 40 455
399 1526 24 68
229 1531 10 150
365 1535 4 349
41 1539 24 227
325 1542 21 88
466 1544 19 148
1 1547 3 66
261 1551 3 186
219 1557 21 273
292 1559 24 307
220 1562 37 201
24 1564 25 424
346 1570 3 434
415 1576 3 190
281 1578 25 222
442 1585 22 328
97 1588 6 82
25 1592 19 123
12 1594 3 282
122 1598 11 131
265 1600 39 469
77 1602 42 15
314 1604 5 206
173 1605 13 490
187 1606 30 17
435 1609 14 65
262 1612 9 429
100 1618 19 74
6 1625 24 110
34 1629 14 408
436 1631 3 317
185 1633 7 406
135 1636 8 48
478 1638 26 70
23 1640 7 128
66 1644 6 61
181 1646 4 436
360 1649 16 236
472 1657 6 97
328 1659 25 103
385 1666 21 375
127 1668 5 269
153 1670 26 480
8 1676 16 391
