Linked List RQ implementation

434
198
357
403
497
333
45
11
291
313
117
71
276
363
498
76
315
64
488
383
293
364
92
145
253
30
126
278
157
226
451
484
327
242
343
166
390
282
180
137
482
28
342
147
149
44
115
347
266
430
407
80
39
86
319
406
491
85
398
189
79
63
494
252
500
218
82
268
38
95
142
401
416
441
50
228
280
210
465
168
307
234
372
471
90
52
199
302
495
230
493
239
194
65
447
387
464
399
1
428
70
77
187
135
66
435
478
100
97
325
472
21
69
119
328
212
174
29
6
240
154
288
329
47
373
374
188
177
236
25
112
103
23
32
474
122
397
20
22
231
375
350
184
296
43
51
93
49
466
410
229
241
344
7
487
370
318
179
490
141
336
114
48
94
257
298
244
14
473
162
419
73
337
128
395
10
461
160
67
247
213
91
422
120
159
349
261
33
496
46
415
99
446
460
235
155
74
167
345
295
254
220
310
110
2
492
314
216
351
214
207
18
264
454
131
26
381
301
31
404
304
367
281
423
424
196
255
41
221
123
290
104
324
62
83
192
360
190
312
455
171
431
263
178
467
19
40
17
267
366
409
237
182
223
269
376
358
330
294
348
340
68
205
144
470
425
440
125
437
127
334
393
211
219
9
134
200
382
57
411
59
232
12
297
479
457
260
418
37
332
371
136
338
477
323
480
217
140
42
225
96
109
321
152
27
233
292
156
107
468
439
303
413
275
274
158
436
449
201
379
3
150
130
161
308
362
377
442
204
499
322
402
405
485
116
248
195
238
432
438
5
456
172
101
289
271
412
197
365
36
78
256
203
420
384
132
369
450
463
61
176
138
108
386
202
118
129
339
191
106
284
208
53
279
385
489
417
299
391
60
389
414
139
148
89
458
285
35
113
58
8
105
448
87
356
259
246
56
306
273
359
452
124
146
111
185
400
34
481
270
320
277
163
459
227
361
165
4
102
378
183
224
249
24
143
453
309
15
262
88
426
84
316
346
250
181
433
331
469
445
300
193
16
353
392
476
317
483
209
133
286
258
427
421
72
175
354
121
311
283
245
396
13
444
186
355
352
251
265
206
170
305
222
81
486
380
475
388
326
153
215
408
169
287
243
54
341
394
98
173
151
164
335
443
55
75
462
368
429
272

36692 nodes visited for insertion
500 nodes visited for searching
500 nodes visited for deleting
