Linked List RQ implementation

397
286
503
400
530
529
425
366
471
553
785
982
743
789
49
784
139
182
203
376
318
326
241
748
912
968
638
472
352
264
154
738
641
195
774
851
897
391
656
39
646
177
292
660
227
755
340
525
498
894
792
773
482
726
285
846
976
178
956
455
600
989
256
818
485
708
665
512
514
765
166
571
409
57
634
673
221
508
920
960
274
997
322
993
444
240
683
730
865
606
860
490
462
205
841
165
657
268
689
371
623
878
840
362
448
900
384
932
825
829
871
933
537
334
159
915
721
339
687
233
237
868
267
206
459
484
911
103
802
739
466
804
389
652
579
33
562
69
850
782
418
977
217
149
747
819
454
873
67
927
889
294
218
364
59
468
254
390
290
271
626
226
608
526
604
644
712
146
886
427
196
528
757
251
896
515
416
504
424
273
214
311
991
658
637
550
831
148
507
876
447
961
506
75
74
307
916
810
278
627
309
301
399
643
199
892
999
580
73
566
535
923
779
350
617
297
52
100
293
151
167
479
676
522
283
828
230
913
114
609
745
164
162
593
661
373
328
540
727
4
531
858
796
688
53
411
415
211
347
679
664
505
42
90
446
834
973
640
439
122
898
456
981
337
76
523
519
142
954
852
51
820
333
740
635
706
176
332
493
63
734
965
790
621
636
299
823
344
133
245
701
413
859
630
754
402
693
99
198
964
365
768
654
674
650
541
497
988
538
120
573
106
280
136
374
685
619
244
967
377
28
368
581
862
946
690
737
13
955
728
414
306
962
319
369
778
5
848
614
95
899
736
193
822
546
316
556
61
995
58
574
966
649
539
419
223
302
201
807
329
624
704
31
971
97
756
380
551
412
750
500
355
358
521
518
123
591
265
763
351
930
464
21
801
510
109
496
248
81
260
105
513
980
821
769
681
45
910
568
93
596
229
552
669
861
499
431
996
458
691
296
36
719
682
879
345
881
672
116
147
32
888
628
520
304
830
295
480
919
270
187
495
219
117
422
678
975
437
488
275
809
421
560
288
314
200
394
183
814
816
844
181
175
153
752
46
670
603
331
937
19
813
341
532
572
452
170
723
56
597
509
863
79
107
101
20
432
24
949
259
534
298
611
694
262
663
72
60
82
715
440
766
417
893
592
569
934
172
303
234
204
631
711
118
783
8
276
197
744
909
835
558
753
216
577
26
247
677
904
542
935
854
132
680
435
235
549
428
749
707
336
124
885
231
986
184
922
232
189
944
857
767
469
342
429
140
467
686
554
156
272
483
815
615
502
797
953
382
476
692
833
266
709
453
349
87
83
481
308
395
907
653
135
383
963
548
188
64
252
800
18
220
370
998
671
7
866
150
38
310
602
612
845
950
794
215
242
92
54
918
639
843
788
972
880
883
887
115
487
705
68
870
327
433
605
759
716
890
764
647
258
143
895
77
565
300
729
202
23
470
587
902
356
379
864
970
410
543
225
312
882
130
78
357
742
836
91
905
489
536
48
436
257
348
353
867
983
186
842
277
3
282
533
903
990
255
89
838
385
287
43
607
786
695
718
173
662
442
545
40
613
625
926
811
978
595
501
179
1
908
445
129
163
2
161
426
872
361
567
71
477
588
138
586
30
578
805
145
108
959
386
127
359
190
27
618
877
696
746
632
315
55
629
787
703
760
441
141
10
931
891
289
938
208
253
667
126
921
791
793
37
168
486
758
994
85
323
952
492
317
22
928
901
111
406
957
731
239
367
438
557
590
224
121
407
210
655
207
559
795
985
119
751
451
171
770
313
874
941
599
80
392
812
375
969
378
110
131
585
827
494
14
343
180
228
213
408
924
761
713
158
363
15
582
675
169
263
771
47
112
475
776
799
88
34
547
398
917
473
875
555
396
491
113
35
324
722
144
236
583
330
460
524
457
725
987
929
594
174
824
335
648
564
517
405
622
388
869
735
700
798
1000
474
284
463
943
945
461
249
714
575
250
96
423
321
41
610
633
992
70
62
434
209
17
561
849
856
137
387
697
160
847
125
360
958
589
645
699
393
450
246
511
12
984
269
733
354
16
134
780
86
420
84
724
44
817
243
320
806
808
741
666
781
152
430
772
404
516
684
616
951
281
855
853
94
576
720
192
128
25
837
702
563
155
261
762
947
651
104
544
6
698
906
449
732
925
948
914
942
29
777
598
826
11
191
185
710
305
403
50
839
346
717
372
212
803
668
102
601
775
381
9
65
974
194
157
465
478
584
338
940
936
979
642
570
66
291
939
443
325
279
238
659
527
222
98
401
884
832
620

156882 nodes visited for insertion
1000 nodes visited for searching
1000 nodes visited for deleting
